%%%%% training data:
array:0 talk.politics.guns talk.politics.guns 0.3803137590195374 talk.politics.misc 0.3258920926221907 talk.politics.mideast 0.2937941483582719
array:1 talk.politics.guns talk.politics.guns 0.36928350372377006 talk.politics.misc 0.3277986331670803 talk.politics.mideast 0.3029178631091496
array:2 talk.politics.guns talk.politics.guns 0.3715951534373964 talk.politics.misc 0.33114180976804153 talk.politics.mideast 0.297263036794562
array:3 talk.politics.guns talk.politics.guns 0.35736342005878846 talk.politics.misc 0.33160526006155283 talk.politics.mideast 0.31103131987965876
array:4 talk.politics.guns talk.politics.guns 0.3573781187954977 talk.politics.misc 0.3359509891702676 talk.politics.mideast 0.30667089203423475
array:5 talk.politics.guns talk.politics.guns 0.3741463747766722 talk.politics.misc 0.32131052720726816 talk.politics.mideast 0.3045430980160597
array:6 talk.politics.guns talk.politics.guns 0.380878796670992 talk.politics.misc 0.32407969736522746 talk.politics.mideast 0.29504150596378054
array:7 talk.politics.guns talk.politics.guns 0.3651863909524633 talk.politics.misc 0.3229968058395555 talk.politics.mideast 0.3118168032079811
array:8 talk.politics.guns talk.politics.guns 0.3495178581770298 talk.politics.misc 0.34107544117369565 talk.politics.mideast 0.3094067006492745
array:9 talk.politics.guns talk.politics.guns 0.37485917497741544 talk.politics.misc 0.3293484707621507 talk.politics.mideast 0.295792354260434
array:10 talk.politics.guns talk.politics.guns 0.3712124461247566 talk.politics.misc 0.3281734627022424 talk.politics.mideast 0.30061409117300086
array:11 talk.politics.guns talk.politics.guns 0.3666170674404281 talk.politics.misc 0.33761610667436504 talk.politics.mideast 0.29576682588520703
array:12 talk.politics.guns talk.politics.misc 0.3469727090667331 talk.politics.guns 0.3299529758108718 talk.politics.mideast 0.32307431512239515
array:13 talk.politics.guns talk.politics.misc 0.34331159579627346 talk.politics.guns 0.33378116368230787 talk.politics.mideast 0.32290724052141856
array:14 talk.politics.guns talk.politics.misc 0.3399185907041621 talk.politics.guns 0.337401287597178 talk.politics.mideast 0.32268012169865995
array:15 talk.politics.guns talk.politics.guns 0.3657113607288056 talk.politics.misc 0.34083467893018926 talk.politics.mideast 0.29345396034100507
array:16 talk.politics.guns talk.politics.guns 0.3634857036362355 talk.politics.misc 0.335417729432601 talk.politics.mideast 0.30109656693116343
array:17 talk.politics.guns talk.politics.guns 0.35968176272940194 talk.politics.misc 0.34124547735939126 talk.politics.mideast 0.2990727599112068
array:18 talk.politics.guns talk.politics.guns 0.38883258501478274 talk.politics.misc 0.32558799983692205 talk.politics.mideast 0.2855794151482954
array:19 talk.politics.guns talk.politics.guns 0.36396786669159803 talk.politics.misc 0.32867066511176274 talk.politics.mideast 0.3073614681966394
array:20 talk.politics.guns talk.politics.guns 0.3785892058678039 talk.politics.misc 0.32754709506411467 talk.politics.mideast 0.2938636990680813
array:21 talk.politics.guns talk.politics.guns 0.36446875152576563 talk.politics.misc 0.332731574424605 talk.politics.mideast 0.30279967404962926
array:22 talk.politics.guns talk.politics.guns 0.3601033615644779 talk.politics.misc 0.33278855715403044 talk.politics.mideast 0.30710808128149175
array:23 talk.politics.guns talk.politics.guns 0.3452076949917371 talk.politics.misc 0.34227498189664873 talk.politics.mideast 0.3125173231116142
array:24 talk.politics.guns talk.politics.guns 0.3514543222747005 talk.politics.misc 0.32928433897742987 talk.politics.mideast 0.3192613387478696
array:25 talk.politics.guns talk.politics.guns 0.35763348532627326 talk.politics.misc 0.3357815722846881 talk.politics.mideast 0.30658494238903866
array:26 talk.politics.guns talk.politics.guns 0.35128154668663275 talk.politics.misc 0.3303729385915149 talk.politics.mideast 0.3183455147218524
array:27 talk.politics.guns talk.politics.guns 0.3542513141381455 talk.politics.misc 0.3312219631795776 talk.politics.mideast 0.31452672268227694
array:28 talk.politics.guns talk.politics.guns 0.3684498410582146 talk.politics.misc 0.3276085732605255 talk.politics.mideast 0.3039415856812598
array:29 talk.politics.guns talk.politics.guns 0.37161035115608265 talk.politics.misc 0.32551725615905963 talk.politics.mideast 0.3028723926848577
array:30 talk.politics.guns talk.politics.guns 0.3741540996125665 talk.politics.misc 0.3321953882258838 talk.politics.mideast 0.2936505121615498
array:31 talk.politics.guns talk.politics.guns 0.38395471794277997 talk.politics.misc 0.3266860948487367 talk.politics.mideast 0.28935918720848336
array:32 talk.politics.guns talk.politics.guns 0.35813068218298055 talk.politics.misc 0.32956452272859166 talk.politics.mideast 0.31230479508842784
array:33 talk.politics.guns talk.politics.guns 0.3524926879543845 talk.politics.misc 0.3294048917005495 talk.politics.mideast 0.31810242034506603
array:34 talk.politics.guns talk.politics.guns 0.3839286764452431 talk.politics.misc 0.32289576905529693 talk.politics.mideast 0.29317555449946014
array:35 talk.politics.guns talk.politics.guns 0.3707878488121188 talk.politics.misc 0.3252458089298228 talk.politics.mideast 0.3039663422580584
array:36 talk.politics.guns talk.politics.guns 0.3703513494002602 talk.politics.misc 0.3242736077850957 talk.politics.mideast 0.30537504281464406
array:37 talk.politics.guns talk.politics.guns 0.3607131560655647 talk.politics.misc 0.33164465396597514 talk.politics.mideast 0.3076421899684603
array:38 talk.politics.guns talk.politics.guns 0.37668643273445795 talk.politics.misc 0.32016047256990865 talk.politics.mideast 0.3031530946956334
array:39 talk.politics.guns talk.politics.guns 0.379509129710003 talk.politics.misc 0.3176195706510223 talk.politics.mideast 0.30287129963897486
array:40 talk.politics.guns talk.politics.guns 0.351785848320527 talk.politics.misc 0.32674643847139234 talk.politics.mideast 0.32146771320808065
array:41 talk.politics.guns talk.politics.guns 0.36231351099026116 talk.politics.misc 0.3316152494555717 talk.politics.mideast 0.30607123955416726
array:42 talk.politics.guns talk.politics.guns 0.3665880507707011 talk.politics.misc 0.3238424018398737 talk.politics.mideast 0.3095695473894251
array:43 talk.politics.guns talk.politics.guns 0.37242091243754366 talk.politics.misc 0.3257807830448131 talk.politics.mideast 0.3017983045176432
array:44 talk.politics.guns talk.politics.guns 0.353838277129744 talk.politics.misc 0.3378008268196492 talk.politics.mideast 0.3083608960506069
array:45 talk.politics.guns talk.politics.guns 0.36744827795476487 talk.politics.misc 0.3235411195697271 talk.politics.mideast 0.30901060247550816
array:46 talk.politics.guns talk.politics.guns 0.3447104991514862 talk.politics.misc 0.34070910633358786 talk.politics.mideast 0.31458039451492587
array:47 talk.politics.guns talk.politics.guns 0.3655912005277657 talk.politics.misc 0.3240091815299941 talk.politics.mideast 0.3103996179422403
array:48 talk.politics.guns talk.politics.guns 0.35493658262118366 talk.politics.misc 0.32355504839846855 talk.politics.mideast 0.3215083689803478
array:49 talk.politics.guns talk.politics.misc 0.3508843407049682 talk.politics.guns 0.3473805311452388 talk.politics.mideast 0.301735128149793
array:50 talk.politics.guns talk.politics.guns 0.3767433247739589 talk.politics.misc 0.32159038809585266 talk.politics.mideast 0.30166628713018834
array:51 talk.politics.guns talk.politics.guns 0.36981545033755125 talk.politics.misc 0.32887236619967986 talk.politics.mideast 0.30131218346276895
array:52 talk.politics.guns talk.politics.guns 0.36574783983589 talk.politics.misc 0.33347231085354284 talk.politics.mideast 0.30077984931056706
array:53 talk.politics.guns talk.politics.guns 0.41472142224741404 talk.politics.misc 0.296103425356516 talk.politics.mideast 0.28917515239606995
array:54 talk.politics.guns talk.politics.guns 0.3603327136939683 talk.politics.misc 0.328963996771379 talk.politics.mideast 0.3107032895346528
array:55 talk.politics.guns talk.politics.guns 0.3568257057356049 talk.politics.misc 0.3413415422441209 talk.politics.mideast 0.3018327520202741
array:56 talk.politics.guns talk.politics.guns 0.34228618167165337 talk.politics.misc 0.33744246758528473 talk.politics.mideast 0.32027135074306207
array:57 talk.politics.guns talk.politics.guns 0.360348714832718 talk.politics.misc 0.33807387566617564 talk.politics.mideast 0.30157740950110623
array:58 talk.politics.guns talk.politics.misc 0.3478758721776873 talk.politics.guns 0.34216825016392977 talk.politics.mideast 0.30995587765838284
array:59 talk.politics.guns talk.politics.guns 0.3662692698172392 talk.politics.misc 0.3285495162989571 talk.politics.mideast 0.3051812138838038
array:60 talk.politics.guns talk.politics.guns 0.37528888468477234 talk.politics.misc 0.32548611825950324 talk.politics.mideast 0.29922499705572425
array:61 talk.politics.guns talk.politics.guns 0.3677841813912054 talk.politics.misc 0.3166589348641824 talk.politics.mideast 0.3155568837446122
array:62 talk.politics.guns talk.politics.guns 0.36891657243791265 talk.politics.misc 0.33337775105453066 talk.politics.mideast 0.2977056765075566
array:63 talk.politics.guns talk.politics.guns 0.3823426683149618 talk.politics.misc 0.33539711691550084 talk.politics.mideast 0.2822602147695375
array:64 talk.politics.guns talk.politics.guns 0.3789280559183092 talk.politics.misc 0.33383708286256814 talk.politics.mideast 0.2872348612191225
array:65 talk.politics.guns talk.politics.guns 0.360485132951809 talk.politics.misc 0.3314993621360653 talk.politics.mideast 0.30801550491212587
array:66 talk.politics.guns talk.politics.guns 0.359788612870576 talk.politics.misc 0.33205774913037256 talk.politics.mideast 0.30815363799905165
array:67 talk.politics.guns talk.politics.guns 0.3531063373163007 talk.politics.misc 0.3454085547285254 talk.politics.mideast 0.3014851079551739
array:68 talk.politics.guns talk.politics.guns 0.365593226813647 talk.politics.misc 0.33199586317166185 talk.politics.mideast 0.30241091001469134
array:69 talk.politics.guns talk.politics.guns 0.37976214731299696 talk.politics.misc 0.33211650927604824 talk.politics.mideast 0.28812134341095474
array:70 talk.politics.guns talk.politics.guns 0.3797173834298351 talk.politics.misc 0.3239441529416006 talk.politics.mideast 0.2963384636285645
array:71 talk.politics.guns talk.politics.guns 0.35613815807037236 talk.politics.misc 0.32810605805642484 talk.politics.mideast 0.3157557838732028
array:72 talk.politics.guns talk.politics.guns 0.36291329206029843 talk.politics.misc 0.3242547621026164 talk.politics.mideast 0.31283194583708507
array:73 talk.politics.guns talk.politics.guns 0.36221492499832475 talk.politics.misc 0.3443824762990945 talk.politics.mideast 0.29340259870258073
array:74 talk.politics.guns talk.politics.guns 0.35974953087346334 talk.politics.misc 0.33255579058544193 talk.politics.mideast 0.3076946785410946
array:75 talk.politics.guns talk.politics.guns 0.35734351139510817 talk.politics.misc 0.3233067138800222 talk.politics.mideast 0.3193497747248697
array:76 talk.politics.guns talk.politics.guns 0.3661904511758152 talk.politics.misc 0.3315636313946354 talk.politics.mideast 0.30224591742954937
array:77 talk.politics.guns talk.politics.guns 0.3723943666883311 talk.politics.misc 0.33303981292021023 talk.politics.mideast 0.2945658203914585
array:78 talk.politics.guns talk.politics.guns 0.3580872003727867 talk.politics.misc 0.3232032734375273 talk.politics.mideast 0.3187095261896861
array:79 talk.politics.guns talk.politics.guns 0.362660774789693 talk.politics.misc 0.3347734604053873 talk.politics.mideast 0.3025657648049196
array:80 talk.politics.guns talk.politics.guns 0.38176146423218676 talk.politics.misc 0.3244366595120833 talk.politics.mideast 0.29380187625572995
array:81 talk.politics.guns talk.politics.guns 0.3755052496820567 talk.politics.misc 0.32402269427055896 talk.politics.mideast 0.3004720560473842
array:82 talk.politics.guns talk.politics.guns 0.35673419964217434 talk.politics.misc 0.3296445572874883 talk.politics.mideast 0.31362124307033734
array:83 talk.politics.guns talk.politics.guns 0.373103523252854 talk.politics.misc 0.33204026310420676 talk.politics.mideast 0.29485621364293907
array:84 talk.politics.guns talk.politics.guns 0.3559621153575126 talk.politics.misc 0.326004168157395 talk.politics.mideast 0.31803371648509227
array:85 talk.politics.guns talk.politics.guns 0.383482389740338 talk.politics.misc 0.3199161995227794 talk.politics.mideast 0.29660141073688273
array:86 talk.politics.guns talk.politics.guns 0.37549695893986285 talk.politics.misc 0.324138419392001 talk.politics.mideast 0.3003646216681363
array:87 talk.politics.guns talk.politics.guns 0.37495526368168064 talk.politics.misc 0.3343143117548068 talk.politics.mideast 0.29073042456351256
array:88 talk.politics.guns talk.politics.guns 0.37041927301179817 talk.politics.misc 0.3363021538067286 talk.politics.mideast 0.29327857318147327
array:89 talk.politics.guns talk.politics.guns 0.3501016644334108 talk.politics.misc 0.33367439972631574 talk.politics.mideast 0.31622393584027353
array:90 talk.politics.guns talk.politics.guns 0.363547719254377 talk.politics.misc 0.33186628432245335 talk.politics.mideast 0.30458599642316964
array:91 talk.politics.guns talk.politics.guns 0.41505481745391953 talk.politics.misc 0.3029094995465265 talk.politics.mideast 0.2820356829995539
array:92 talk.politics.guns talk.politics.guns 0.36735361079315343 talk.politics.misc 0.3293733276713295 talk.politics.mideast 0.30327306153551714
array:93 talk.politics.guns talk.politics.guns 0.3838130804787981 talk.politics.misc 0.3226339957796942 talk.politics.mideast 0.29355292374150765
array:94 talk.politics.guns talk.politics.guns 0.3714306652416822 talk.politics.misc 0.32779692488271484 talk.politics.mideast 0.30077240987560305
array:95 talk.politics.guns talk.politics.guns 0.35884716338274936 talk.politics.misc 0.3288884657547773 talk.politics.mideast 0.31226437086247333
array:96 talk.politics.guns talk.politics.guns 0.36522670156511833 talk.politics.misc 0.32673927175890216 talk.politics.mideast 0.3080340266759796
array:97 talk.politics.guns talk.politics.guns 0.36039099375813244 talk.politics.misc 0.3268822713894214 talk.politics.mideast 0.31272673485244606
array:98 talk.politics.guns talk.politics.guns 0.4007918933639683 talk.politics.misc 0.30943155152286733 talk.politics.mideast 0.2897765551131644
array:99 talk.politics.guns talk.politics.guns 0.3618404211036292 talk.politics.misc 0.321907269732359 talk.politics.mideast 0.31625230916401176
array:100 talk.politics.guns talk.politics.guns 0.3614580603964665 talk.politics.misc 0.33056630322413283 talk.politics.mideast 0.3079756363794007
array:101 talk.politics.guns talk.politics.guns 0.3733168340927533 talk.politics.misc 0.32415123964846576 talk.politics.mideast 0.3025319262587809
array:102 talk.politics.guns talk.politics.guns 0.37030758269778824 talk.politics.misc 0.32902118449924095 talk.politics.mideast 0.300671232802971
array:103 talk.politics.guns talk.politics.guns 0.3677631337098571 talk.politics.misc 0.32776875864266386 talk.politics.mideast 0.3044681076474789
array:104 talk.politics.guns talk.politics.guns 0.3611163349859848 talk.politics.misc 0.3296420281036389 talk.politics.mideast 0.30924163691037626
array:105 talk.politics.guns talk.politics.guns 0.387450939520082 talk.politics.misc 0.32261899543940076 talk.politics.mideast 0.2899300650405173
array:106 talk.politics.guns talk.politics.guns 0.37633299397287046 talk.politics.misc 0.332205715938466 talk.politics.mideast 0.29146129008866356
array:107 talk.politics.guns talk.politics.guns 0.36352071943348196 talk.politics.misc 0.33071771256662985 talk.politics.mideast 0.3057615679998881
array:108 talk.politics.guns talk.politics.guns 0.3839749581205484 talk.politics.misc 0.32591282356013473 talk.politics.mideast 0.2901122183193169
array:109 talk.politics.guns talk.politics.guns 0.3800312078078289 talk.politics.misc 0.31747861483300166 talk.politics.mideast 0.30249017735916933
array:110 talk.politics.guns talk.politics.guns 0.3946032940417652 talk.politics.misc 0.32105521823847455 talk.politics.mideast 0.2843414877197602
array:111 talk.politics.guns talk.politics.guns 0.36607372665427995 talk.politics.misc 0.32439320811074346 talk.politics.mideast 0.3095330652349767
array:112 talk.politics.guns talk.politics.guns 0.3708245738159508 talk.politics.misc 0.3213523581072998 talk.politics.mideast 0.3078230680767493
array:113 talk.politics.guns talk.politics.guns 0.3696011758752362 talk.politics.misc 0.33395278055478383 talk.politics.mideast 0.29644604356997994
array:114 talk.politics.guns talk.politics.guns 0.3623076481957258 talk.politics.misc 0.3319049975039214 talk.politics.mideast 0.30578735430035286
array:115 talk.politics.guns talk.politics.guns 0.3720503511251499 talk.politics.misc 0.3422776907906896 talk.politics.mideast 0.2856719580841604
array:116 talk.politics.guns talk.politics.guns 0.3620218179989837 talk.politics.misc 0.34482319117760823 talk.politics.mideast 0.29315499082340796
array:117 talk.politics.guns talk.politics.guns 0.3642260179521402 talk.politics.misc 0.32137285115736397 talk.politics.mideast 0.31440113089049576
array:118 talk.politics.guns talk.politics.guns 0.37046552053007925 talk.politics.misc 0.32958761270712283 talk.politics.mideast 0.2999468667627978
array:119 talk.politics.guns talk.politics.guns 0.3559949204073733 talk.politics.misc 0.3261922751990374 talk.politics.mideast 0.3178128043935893
array:120 talk.politics.guns talk.politics.guns 0.36818515048720724 talk.politics.misc 0.3255284239551577 talk.politics.mideast 0.30628642555763497
array:121 talk.politics.guns talk.politics.guns 0.3658772369354046 talk.politics.misc 0.3268548532461899 talk.politics.mideast 0.30726790981840546
array:122 talk.politics.guns talk.politics.guns 0.37916485423767754 talk.politics.misc 0.33136189733013127 talk.politics.mideast 0.28947324843219113
array:123 talk.politics.guns talk.politics.guns 0.3605809255718237 talk.politics.misc 0.3401352631439882 talk.politics.mideast 0.29928381128418824
array:124 talk.politics.guns talk.politics.guns 0.3740906045617067 talk.politics.misc 0.32201392886118707 talk.politics.mideast 0.30389546657710637
array:125 talk.politics.guns talk.politics.guns 0.35958362157722834 talk.politics.misc 0.33380745871265377 talk.politics.mideast 0.30660891971011783
array:126 talk.politics.guns talk.politics.guns 0.3419137476943719 talk.politics.misc 0.33865189327911294 talk.politics.mideast 0.31943435902651507
array:127 talk.politics.guns talk.politics.guns 0.35772909814640425 talk.politics.misc 0.3318397836218459 talk.politics.mideast 0.3104311182317498
array:128 talk.politics.guns talk.politics.guns 0.36547209853168017 talk.politics.misc 0.32524666029736926 talk.politics.mideast 0.3092812411709506
array:129 talk.politics.guns talk.politics.guns 0.3657762571465476 talk.politics.misc 0.32715834879206873 talk.politics.mideast 0.30706539406138383
array:130 talk.politics.guns talk.politics.guns 0.36347055708873166 talk.politics.misc 0.3332166412732629 talk.politics.mideast 0.30331280163800545
array:131 talk.politics.guns talk.politics.guns 0.3612781164408838 talk.politics.misc 0.3299789430231717 talk.politics.mideast 0.3087429405359446
array:132 talk.politics.guns talk.politics.guns 0.35582437267735484 talk.politics.misc 0.3327190657032576 talk.politics.mideast 0.31145656161938756
array:133 talk.politics.guns talk.politics.guns 0.36673119775795465 talk.politics.misc 0.3242955010128059 talk.politics.mideast 0.30897330122923944
array:134 talk.politics.guns talk.politics.guns 0.3546663942000312 talk.politics.misc 0.3328673138764566 talk.politics.mideast 0.3124662919235122
array:135 talk.politics.guns talk.politics.guns 0.3853224734124576 talk.politics.misc 0.3161893033729466 talk.politics.mideast 0.2984882232145958
array:136 talk.politics.guns talk.politics.guns 0.3437930295651732 talk.politics.misc 0.3382660350705299 talk.politics.mideast 0.3179409353642971
array:137 talk.politics.guns talk.politics.guns 0.35887540581042066 talk.politics.misc 0.32989128707347565 talk.politics.mideast 0.31123330711610353
array:138 talk.politics.guns talk.politics.guns 0.3590997994132439 talk.politics.misc 0.3307451200478643 talk.politics.mideast 0.3101550805388918
array:139 talk.politics.guns talk.politics.guns 0.36808035291791186 talk.politics.misc 0.33600822706990674 talk.politics.mideast 0.29591142001218146
array:140 talk.politics.guns talk.politics.guns 0.36155733120389927 talk.politics.misc 0.3328398964017033 talk.politics.mideast 0.3056027723943974
array:141 talk.politics.guns talk.politics.guns 0.36877205956369863 talk.politics.misc 0.3335783613271042 talk.politics.mideast 0.2976495791091972
array:142 talk.politics.guns talk.politics.guns 0.3516291804241552 talk.politics.misc 0.3287210405892859 talk.politics.mideast 0.3196497789865588
array:143 talk.politics.guns talk.politics.guns 0.3588978462369576 talk.politics.misc 0.3314766241629472 talk.politics.mideast 0.3096255296000953
array:144 talk.politics.guns talk.politics.guns 0.36742198850431296 talk.politics.misc 0.32819032061620584 talk.politics.mideast 0.3043876908794813
array:145 talk.politics.guns talk.politics.guns 0.36573717426180197 talk.politics.misc 0.3235184396190639 talk.politics.mideast 0.3107443861191341
array:146 talk.politics.guns talk.politics.guns 0.3688418138189548 talk.politics.misc 0.3291241082720719 talk.politics.mideast 0.3020340779089732
array:147 talk.politics.guns talk.politics.guns 0.36533280647718197 talk.politics.misc 0.33333436775983144 talk.politics.mideast 0.3013328257629866
array:148 talk.politics.guns talk.politics.guns 0.37253005417606544 talk.politics.misc 0.3245741382535186 talk.politics.mideast 0.30289580757041606
array:149 talk.politics.guns talk.politics.guns 0.3828602577945346 talk.politics.misc 0.33028473954940213 talk.politics.mideast 0.28685500265606334
array:150 talk.politics.guns talk.politics.guns 0.359234241326611 talk.politics.misc 0.32629817015115054 talk.politics.mideast 0.31446758852223844
array:151 talk.politics.guns talk.politics.guns 0.3638140850645412 talk.politics.misc 0.32816873410967695 talk.politics.mideast 0.3080171808257818
array:152 talk.politics.guns talk.politics.guns 0.35949792420030396 talk.politics.misc 0.33221207502839667 talk.politics.mideast 0.30829000077129926
array:153 talk.politics.guns talk.politics.guns 0.3735755960601212 talk.politics.misc 0.33337295537752887 talk.politics.mideast 0.2930514485623498
array:154 talk.politics.guns talk.politics.guns 0.3650899690263706 talk.politics.misc 0.32721530336715443 talk.politics.mideast 0.307694727606475
array:155 talk.politics.guns talk.politics.guns 0.37432829411921464 talk.politics.misc 0.334971850639662 talk.politics.mideast 0.29069985524112346
array:156 talk.politics.guns talk.politics.guns 0.3619104817787756 talk.politics.misc 0.3313435692136682 talk.politics.mideast 0.30674594900755636
array:157 talk.politics.guns talk.politics.guns 0.36785723600655823 talk.politics.misc 0.32888157315888306 talk.politics.mideast 0.3032611908345588
array:158 talk.politics.guns talk.politics.guns 0.3712023905070626 talk.politics.misc 0.3176215583868443 talk.politics.mideast 0.3111760511060932
array:159 talk.politics.guns talk.politics.guns 0.3586690802273925 talk.politics.misc 0.3301109188032794 talk.politics.mideast 0.31122000096932795
array:160 talk.politics.guns talk.politics.guns 0.3631170116068016 talk.politics.misc 0.32558219353702883 talk.politics.mideast 0.31130079485616957
array:161 talk.politics.guns talk.politics.misc 0.34875403791674325 talk.politics.guns 0.34603656675217925 talk.politics.mideast 0.30520939533107744
array:162 talk.politics.guns talk.politics.guns 0.36007828391028784 talk.politics.misc 0.32605208134522723 talk.politics.mideast 0.31386963474448504
array:163 talk.politics.guns talk.politics.guns 0.3540014649624986 talk.politics.misc 0.3288020618118577 talk.politics.mideast 0.31719647322564354
array:164 talk.politics.guns talk.politics.guns 0.36022316700585527 talk.politics.misc 0.3323385019243795 talk.politics.mideast 0.3074383310697652
array:165 talk.politics.guns talk.politics.guns 0.38021235726964486 talk.politics.misc 0.3193136293337495 talk.politics.mideast 0.3004740133966056
array:166 talk.politics.guns talk.politics.guns 0.36005815668805885 talk.politics.mideast 0.3205734022368089 talk.politics.misc 0.3193684410751322
array:167 talk.politics.guns talk.politics.guns 0.363237111462815 talk.politics.misc 0.326996908030799 talk.politics.mideast 0.30976598050638576
array:168 talk.politics.guns talk.politics.guns 0.3849482971275551 talk.politics.misc 0.31779693794665165 talk.politics.mideast 0.29725476492579345
array:169 talk.politics.guns talk.politics.guns 0.3743440228102064 talk.politics.misc 0.3235730300591563 talk.politics.mideast 0.3020829471306373
array:170 talk.politics.guns talk.politics.guns 0.37494229003412977 talk.politics.misc 0.3249385315150215 talk.politics.mideast 0.3001191784508488
array:171 talk.politics.guns talk.politics.guns 0.3679669089841284 talk.politics.misc 0.3235954215700642 talk.politics.mideast 0.3084376694458074
array:172 talk.politics.guns talk.politics.guns 0.3690847033610637 talk.politics.misc 0.33326674235605275 talk.politics.mideast 0.2976485542828834
array:173 talk.politics.guns talk.politics.guns 0.3616652133966555 talk.politics.misc 0.3474580269568289 talk.politics.mideast 0.29087675964651555
array:174 talk.politics.guns talk.politics.guns 0.35306204613578884 talk.politics.misc 0.3474194939254453 talk.politics.mideast 0.2995184599387659
array:175 talk.politics.guns talk.politics.guns 0.36732118533654073 talk.politics.misc 0.32627293365810384 talk.politics.mideast 0.3064058810053555
array:176 talk.politics.guns talk.politics.guns 0.36549358724085634 talk.politics.misc 0.33092733660996887 talk.politics.mideast 0.3035790761491746
array:177 talk.politics.guns talk.politics.guns 0.3645747660475878 talk.politics.misc 0.33012290799316846 talk.politics.mideast 0.3053023259592437
array:178 talk.politics.guns talk.politics.guns 0.38662334931241166 talk.politics.misc 0.3213427082237801 talk.politics.mideast 0.29203394246380826
array:179 talk.politics.guns talk.politics.guns 0.3681330971191635 talk.politics.misc 0.32616991612146856 talk.politics.mideast 0.30569698675936796
array:180 talk.politics.guns talk.politics.guns 0.3814817714356252 talk.politics.misc 0.31821590437977343 talk.politics.mideast 0.3003023241846014
array:181 talk.politics.guns talk.politics.guns 0.360141345904476 talk.politics.misc 0.33102509404244956 talk.politics.mideast 0.3088335600530746
array:182 talk.politics.guns talk.politics.guns 0.368190825223919 talk.politics.misc 0.32724572395790713 talk.politics.mideast 0.3045634508181737
array:183 talk.politics.guns talk.politics.guns 0.3556324394819815 talk.politics.misc 0.3340125593416355 talk.politics.mideast 0.31035500117638315
array:184 talk.politics.guns talk.politics.guns 0.3678843367840957 talk.politics.misc 0.352814473696258 talk.politics.mideast 0.2793011895196463
array:185 talk.politics.guns talk.politics.guns 0.3694929614820791 talk.politics.misc 0.3296011885252989 talk.politics.mideast 0.30090584999262193
array:186 talk.politics.guns talk.politics.guns 0.37897949364428885 talk.politics.misc 0.3251530255763352 talk.politics.mideast 0.29586748077937586
array:187 talk.politics.guns talk.politics.guns 0.3653744224474444 talk.politics.misc 0.32769734646863663 talk.politics.mideast 0.30692823108391887
array:188 talk.politics.guns talk.politics.guns 0.3752677804310767 talk.politics.misc 0.32328706948368846 talk.politics.mideast 0.3014451500852348
array:189 talk.politics.guns talk.politics.guns 0.37005925213204394 talk.politics.misc 0.33738992103318 talk.politics.mideast 0.2925508268347761
array:190 talk.politics.guns talk.politics.guns 0.37531248265800987 talk.politics.misc 0.32484780233185284 talk.politics.mideast 0.29983971501013745
array:191 talk.politics.guns talk.politics.guns 0.35715052459329916 talk.politics.misc 0.3295724609709853 talk.politics.mideast 0.3132770144357155
array:192 talk.politics.guns talk.politics.guns 0.3674697568210437 talk.politics.misc 0.3222584564289304 talk.politics.mideast 0.31027178675002576
array:193 talk.politics.guns talk.politics.guns 0.36344292935955147 talk.politics.misc 0.31905864388880956 talk.politics.mideast 0.317498426751639
array:194 talk.politics.guns talk.politics.guns 0.36041114487317905 talk.politics.misc 0.32748043357388573 talk.politics.mideast 0.31210842155293533
array:195 talk.politics.guns talk.politics.guns 0.3516001038216259 talk.politics.misc 0.3353084057472336 talk.politics.mideast 0.31309149043114054
array:196 talk.politics.guns talk.politics.guns 0.37355021386461357 talk.politics.misc 0.3236787293190503 talk.politics.mideast 0.30277105681633615
array:197 talk.politics.guns talk.politics.guns 0.376542843520434 talk.politics.misc 0.32436624067127423 talk.politics.mideast 0.29909091580829184
array:198 talk.politics.guns talk.politics.guns 0.39298894416073554 talk.politics.misc 0.32328473615237946 talk.politics.mideast 0.2837263196868851
array:199 talk.politics.guns talk.politics.guns 0.39665837535935733 talk.politics.misc 0.31751076798687694 talk.politics.mideast 0.28583085665376556
array:200 talk.politics.guns talk.politics.guns 0.3620804535252707 talk.politics.misc 0.32767813842824256 talk.politics.mideast 0.3102414080464868
array:201 talk.politics.guns talk.politics.guns 0.3876706017425828 talk.politics.misc 0.31530542696103414 talk.politics.mideast 0.297023971296383
array:202 talk.politics.guns talk.politics.guns 0.3617288048367161 talk.politics.misc 0.3396658833793297 talk.politics.mideast 0.2986053117839542
array:203 talk.politics.guns talk.politics.guns 0.34912040370623176 talk.politics.misc 0.3368085075276538 talk.politics.mideast 0.31407108876611434
array:204 talk.politics.guns talk.politics.guns 0.3662777443058349 talk.politics.misc 0.3372693129363784 talk.politics.mideast 0.2964529427577867
array:205 talk.politics.guns talk.politics.guns 0.36562956508280686 talk.politics.misc 0.33023869875784845 talk.politics.mideast 0.3041317361593445
array:206 talk.politics.guns talk.politics.guns 0.38129859463789156 talk.politics.misc 0.3258454567544563 talk.politics.mideast 0.292855948607652
array:207 talk.politics.guns talk.politics.guns 0.37704092637554104 talk.politics.misc 0.32442810784022874 talk.politics.mideast 0.2985309657842302
array:208 talk.politics.guns talk.politics.guns 0.37568181185979993 talk.politics.misc 0.3178972338604356 talk.politics.mideast 0.30642095427976446
array:209 talk.politics.guns talk.politics.guns 0.3686060243443408 talk.politics.misc 0.3248241065031081 talk.politics.mideast 0.3065698691525511
array:210 talk.politics.guns talk.politics.guns 0.3675125655645351 talk.politics.misc 0.33263261152195733 talk.politics.mideast 0.2998548229135076
array:211 talk.politics.guns talk.politics.guns 0.3606887675031968 talk.politics.misc 0.33174687857408425 talk.politics.mideast 0.30756435392271886
array:212 talk.politics.guns talk.politics.guns 0.3606095432410478 talk.politics.misc 0.3268976368347165 talk.politics.mideast 0.31249281992423567
array:213 talk.politics.guns talk.politics.guns 0.3619909211664076 talk.politics.misc 0.33108288197910835 talk.politics.mideast 0.30692619685448397
array:214 talk.politics.guns talk.politics.guns 0.36933490759641374 talk.politics.misc 0.32895916919991464 talk.politics.mideast 0.30170592320367157
array:215 talk.politics.guns talk.politics.guns 0.3583988119780182 talk.politics.misc 0.3294014163694622 talk.politics.mideast 0.3121997716525195
array:216 talk.politics.guns talk.politics.guns 0.38054038257923883 talk.politics.misc 0.32294268612573146 talk.politics.mideast 0.29651693129502954
array:217 talk.politics.guns talk.politics.guns 0.3704681842371332 talk.politics.misc 0.32638537305825854 talk.politics.mideast 0.3031464427046083
array:218 talk.politics.guns talk.politics.guns 0.3560442587742902 talk.politics.misc 0.3267435190952178 talk.politics.mideast 0.3172122221304919
array:219 talk.politics.guns talk.politics.guns 0.36122657067880887 talk.politics.misc 0.321485142353061 talk.politics.mideast 0.31728828696813005
array:220 talk.politics.guns talk.politics.guns 0.3743995830778238 talk.politics.misc 0.3197289714268904 talk.politics.mideast 0.30587144549528583
array:221 talk.politics.guns talk.politics.guns 0.38554982465993176 talk.politics.misc 0.3282500323877361 talk.politics.mideast 0.2862001429523323
array:222 talk.politics.guns talk.politics.guns 0.3732838919154381 talk.politics.misc 0.32777035778033703 talk.politics.mideast 0.29894575030422477
array:223 talk.politics.guns talk.politics.guns 0.38248321788160045 talk.politics.misc 0.33040994902514004 talk.politics.mideast 0.2871068330932595
array:224 talk.politics.guns talk.politics.guns 0.38250703397331803 talk.politics.misc 0.3240923891455313 talk.politics.mideast 0.29340057688115084
array:225 talk.politics.guns talk.politics.guns 0.3751869697662664 talk.politics.misc 0.318839551008158 talk.politics.mideast 0.3059734792255756
array:226 talk.politics.guns talk.politics.guns 0.3559918523197918 talk.politics.misc 0.3288753093326368 talk.politics.mideast 0.31513283834757155
array:227 talk.politics.guns talk.politics.guns 0.36896458504947677 talk.politics.misc 0.3250103205233877 talk.politics.mideast 0.30602509442713544
array:228 talk.politics.guns talk.politics.guns 0.3814111485759702 talk.politics.misc 0.3221332777405865 talk.politics.mideast 0.29645557368344333
array:229 talk.politics.guns talk.politics.guns 0.3703486420268103 talk.politics.misc 0.32290702905801916 talk.politics.mideast 0.30674432891517056
array:230 talk.politics.guns talk.politics.guns 0.365608540556339 talk.politics.misc 0.32214205165708915 talk.politics.mideast 0.31224940778657184
array:231 talk.politics.guns talk.politics.guns 0.36808660757029 talk.politics.misc 0.32425730960373705 talk.politics.mideast 0.3076560828259729
array:232 talk.politics.guns talk.politics.guns 0.36096076219815015 talk.politics.misc 0.3328643127171421 talk.politics.mideast 0.30617492508470784
array:233 talk.politics.guns talk.politics.guns 0.4040008843689561 talk.politics.misc 0.3151131377967161 talk.politics.mideast 0.2808859778343278
array:234 talk.politics.guns talk.politics.guns 0.3637546430801295 talk.politics.misc 0.3279290500035209 talk.politics.mideast 0.3083163069163495
array:235 talk.politics.guns talk.politics.guns 0.3481333115077162 talk.politics.misc 0.3372050542104314 talk.politics.mideast 0.3146616342818524
array:236 talk.politics.guns talk.politics.guns 0.3636428183360962 talk.politics.misc 0.3307574192887807 talk.politics.mideast 0.30559976237512315
array:237 talk.politics.guns talk.politics.guns 0.3413319248990503 talk.politics.misc 0.33381131006893716 talk.politics.mideast 0.3248567650320125
array:238 talk.politics.guns talk.politics.guns 0.37049452391024423 talk.politics.misc 0.3263598066304648 talk.politics.mideast 0.303145669459291
array:239 talk.politics.guns talk.politics.guns 0.35960889859212275 talk.politics.misc 0.32463247236733833 talk.politics.mideast 0.31575862904053875
array:240 talk.politics.guns talk.politics.guns 0.3966717504158845 talk.politics.misc 0.3201254209118846 talk.politics.mideast 0.28320282867223096
array:241 talk.politics.guns talk.politics.misc 0.3530206895085649 talk.politics.guns 0.35286007156550575 talk.politics.mideast 0.29411923892592934
array:242 talk.politics.guns talk.politics.guns 0.3555680949031071 talk.politics.misc 0.33751021788819263 talk.politics.mideast 0.3069216872087001
array:243 talk.politics.guns talk.politics.guns 0.35728128199981496 talk.politics.misc 0.3366340431446516 talk.politics.mideast 0.3060846748555332
array:244 talk.politics.guns talk.politics.guns 0.35843440312297054 talk.politics.misc 0.32236006076420387 talk.politics.mideast 0.31920553611282554
array:245 talk.politics.guns talk.politics.guns 0.3633932219726955 talk.politics.misc 0.3294936513737159 talk.politics.mideast 0.30711312665358875
array:246 talk.politics.guns talk.politics.guns 0.37416995601973485 talk.politics.misc 0.3243408734019486 talk.politics.mideast 0.3014891705783166
array:247 talk.politics.guns talk.politics.guns 0.3604630886734485 talk.politics.misc 0.32595093150549875 talk.politics.mideast 0.3135859798210528
array:248 talk.politics.guns talk.politics.guns 0.3738532969721435 talk.politics.misc 0.3207189200922602 talk.politics.mideast 0.3054277829355962
array:249 talk.politics.guns talk.politics.guns 0.36519134419221067 talk.politics.misc 0.33187263951746493 talk.politics.mideast 0.30293601629032435
array:250 talk.politics.guns talk.politics.guns 0.3510250252599224 talk.politics.misc 0.32660298965168894 talk.politics.mideast 0.32237198508838866
array:251 talk.politics.guns talk.politics.guns 0.37681791886347016 talk.politics.misc 0.32407835405892566 talk.politics.mideast 0.2991037270776042
array:252 talk.politics.guns talk.politics.guns 0.37668336573270544 talk.politics.misc 0.3228234406123416 talk.politics.mideast 0.30049319365495314
array:253 talk.politics.guns talk.politics.guns 0.36530019717712614 talk.politics.mideast 0.3212132640186212 talk.politics.misc 0.31348653880425265
array:254 talk.politics.guns talk.politics.guns 0.3904124386050281 talk.politics.misc 0.3350013144178721 talk.politics.mideast 0.2745862469770997
array:255 talk.politics.guns talk.politics.guns 0.364912066731741 talk.politics.misc 0.3250821848275347 talk.politics.mideast 0.31000574844072426
array:256 talk.politics.guns talk.politics.guns 0.35941567048697354 talk.politics.misc 0.32957391408876296 talk.politics.mideast 0.3110104154242635
array:257 talk.politics.guns talk.politics.guns 0.3657961102111729 talk.politics.misc 0.3247132290467426 talk.politics.mideast 0.3094906607420845
array:258 talk.politics.guns talk.politics.guns 0.372335172311214 talk.politics.misc 0.33097817394348816 talk.politics.mideast 0.29668665374529773
array:259 talk.politics.guns talk.politics.guns 0.36654682078919404 talk.politics.misc 0.3305791588205538 talk.politics.mideast 0.30287402039025224
array:260 talk.politics.guns talk.politics.guns 0.35377227302005865 talk.politics.misc 0.33820962081393574 talk.politics.mideast 0.3080181061660056
array:261 talk.politics.guns talk.politics.guns 0.35897132742458177 talk.politics.misc 0.33106748073110526 talk.politics.mideast 0.3099611918443131
array:262 talk.politics.guns talk.politics.guns 0.367614019559036 talk.politics.misc 0.3321958540968705 talk.politics.mideast 0.30019012634409337
array:263 talk.politics.guns talk.politics.guns 0.36111569374848446 talk.politics.misc 0.3319678261071778 talk.politics.mideast 0.3069164801443378
array:264 talk.politics.guns talk.politics.guns 0.36682970562905043 talk.politics.misc 0.32409367829027247 talk.politics.mideast 0.3090766160806771
array:265 talk.politics.guns talk.politics.guns 0.3778364518235433 talk.politics.misc 0.3205807525427336 talk.politics.mideast 0.30158279563372326
array:266 talk.politics.guns talk.politics.guns 0.3559039943335904 talk.politics.misc 0.33458657954333826 talk.politics.mideast 0.30950942612307153
array:267 talk.politics.guns talk.politics.guns 0.34774768846610027 talk.politics.misc 0.3426487851470447 talk.politics.mideast 0.3096035263868551
array:268 talk.politics.guns talk.politics.guns 0.3419751518567272 talk.politics.misc 0.3386233394365939 talk.politics.mideast 0.31940150870667877
array:269 talk.politics.guns talk.politics.guns 0.38947218797258315 talk.politics.misc 0.3295635983899665 talk.politics.mideast 0.2809642136374502
array:270 talk.politics.guns talk.politics.guns 0.35138523033747937 talk.politics.misc 0.3409495118310327 talk.politics.mideast 0.3076652578314878
array:271 talk.politics.guns talk.politics.guns 0.3558698125927946 talk.politics.misc 0.3375799981060794 talk.politics.mideast 0.30655018930112604
