%%%%% training data:
array:0 talk.politics.guns talk.politics.guns 0.4180213524884138 talk.politics.misc 0.31355443938996747 talk.politics.mideast 0.26842420812161877
array:1 talk.politics.guns talk.politics.guns 0.3856443319233968 talk.politics.misc 0.320288830909046 talk.politics.mideast 0.2940668371675571
array:2 talk.politics.guns talk.politics.guns 0.3984743296654309 talk.politics.misc 0.3240573055835983 talk.politics.mideast 0.2774683647509708
array:3 talk.politics.guns talk.politics.guns 0.3587197792376398 talk.politics.misc 0.32748640061144857 talk.politics.mideast 0.31379382015091173
array:4 talk.politics.guns talk.politics.guns 0.3738075033368528 talk.politics.misc 0.3323181054226269 talk.politics.mideast 0.2938743912405203
array:5 talk.politics.guns talk.politics.guns 0.409870176955603 talk.politics.misc 0.3007973568179903 talk.politics.mideast 0.28933246622640674
array:6 talk.politics.guns talk.politics.guns 0.4196744643760349 talk.politics.misc 0.30764466862061735 talk.politics.mideast 0.27268086700334787
array:7 talk.politics.guns talk.politics.guns 0.38211605467602155 talk.politics.mideast 0.31404034660833163 talk.politics.misc 0.30384359871564665
array:8 talk.politics.guns talk.politics.guns 0.35484350989293106 talk.politics.misc 0.34222277550051705 talk.politics.mideast 0.30293371460655183
array:9 talk.politics.guns talk.politics.guns 0.41080977856493966 talk.politics.misc 0.31533652252577454 talk.politics.mideast 0.27385369890928574
array:10 talk.politics.guns talk.politics.guns 0.4035684609184437 talk.politics.misc 0.3128872754769252 talk.politics.mideast 0.283544263604631
array:11 talk.politics.guns talk.politics.guns 0.39257587842460345 talk.politics.misc 0.3286693293438072 talk.politics.mideast 0.27875479223158944
array:12 talk.politics.guns talk.politics.misc 0.35707908233150865 talk.politics.mideast 0.34293950067866596 talk.politics.guns 0.2999814169898255
array:13 talk.politics.guns talk.politics.misc 0.3479649961429235 talk.politics.mideast 0.34055931020430097 talk.politics.guns 0.31147569365277555
array:14 talk.politics.guns talk.politics.misc 0.34065380958564223 talk.politics.mideast 0.3392066493287656 talk.politics.guns 0.32013954108559217
array:15 talk.politics.guns talk.politics.guns 0.3833398065524582 talk.politics.misc 0.34061635519927064 talk.politics.mideast 0.27604383824827106
array:16 talk.politics.guns talk.politics.guns 0.38545013492156327 talk.politics.misc 0.3315005977516659 talk.politics.mideast 0.2830492673267708
array:17 talk.politics.guns talk.politics.guns 0.37244726017864116 talk.politics.misc 0.342123676937004 talk.politics.mideast 0.2854290628843547
array:18 talk.politics.guns talk.politics.guns 0.4493065434399922 talk.politics.misc 0.30369522583686737 talk.politics.mideast 0.24699823072314042
array:19 talk.politics.guns talk.politics.guns 0.3875424125530895 talk.politics.misc 0.315533597670484 talk.politics.mideast 0.2969239897764265
array:20 talk.politics.guns talk.politics.guns 0.4145154717026848 talk.politics.misc 0.31227395474042347 talk.politics.mideast 0.27321057355689177
array:21 talk.politics.guns talk.politics.guns 0.38781410055651133 talk.politics.misc 0.3260030519572365 talk.politics.mideast 0.2861828474862521
array:22 talk.politics.guns talk.politics.guns 0.3750211064768199 talk.politics.misc 0.3262710831971079 talk.politics.mideast 0.2987078103260721
array:23 talk.politics.guns talk.politics.misc 0.3491609501416026 talk.politics.guns 0.33747508392785514 talk.politics.mideast 0.3133639659305424
array:24 talk.politics.guns talk.politics.guns 0.3529762912494743 talk.politics.mideast 0.3283365266517449 talk.politics.misc 0.31868718209878083
array:25 talk.politics.guns talk.politics.guns 0.36268201586301707 talk.politics.misc 0.33383103925048696 talk.politics.mideast 0.303486944886496
array:26 talk.politics.guns talk.politics.guns 0.3609665035382285 talk.politics.mideast 0.322380589496389 talk.politics.misc 0.31665290696538256
array:27 talk.politics.guns talk.politics.guns 0.36551862881491215 talk.politics.misc 0.31968967913726454 talk.politics.mideast 0.31479169204782326
array:28 talk.politics.guns talk.politics.guns 0.39527574930241705 talk.politics.misc 0.3154835420498429 talk.politics.mideast 0.28924070864774004
array:29 talk.politics.guns talk.politics.guns 0.3983006340635182 talk.politics.misc 0.30900385194431335 talk.politics.mideast 0.2926955139921684
array:30 talk.politics.guns talk.politics.guns 0.40362524485384127 talk.politics.misc 0.3240343344681164 talk.politics.mideast 0.27234042067804237
array:31 talk.politics.guns talk.politics.guns 0.4259752333221076 talk.politics.misc 0.31121216385707867 talk.politics.mideast 0.26281260282081376
array:32 talk.politics.guns talk.politics.guns 0.3735891254086314 talk.politics.misc 0.31636403475182734 talk.politics.mideast 0.31004683983954123
array:33 talk.politics.guns talk.politics.guns 0.3696842479055598 talk.politics.misc 0.31647573014712455 talk.politics.mideast 0.31384002194731553
array:34 talk.politics.guns talk.politics.guns 0.42851293790385725 talk.politics.misc 0.30488680804268625 talk.politics.mideast 0.26660025405345655
array:35 talk.politics.guns talk.politics.guns 0.3985397559105137 talk.politics.misc 0.31185145173447726 talk.politics.mideast 0.289608792355009
array:36 talk.politics.guns talk.politics.guns 0.38970317964092055 talk.politics.misc 0.31070453255910757 talk.politics.mideast 0.29959228779997177
array:37 talk.politics.guns talk.politics.guns 0.3866056541109084 talk.politics.misc 0.3199237998794383 talk.politics.mideast 0.2934705460096533
array:38 talk.politics.guns talk.politics.guns 0.4144495142066015 talk.politics.misc 0.2964041736176164 talk.politics.mideast 0.2891463121757821
array:39 talk.politics.guns talk.politics.guns 0.41428454264188463 talk.politics.misc 0.29492956140112003 talk.politics.mideast 0.29078589595699533
array:40 talk.politics.guns talk.politics.guns 0.36468263907831866 talk.politics.mideast 0.324966747783606 talk.politics.misc 0.31035061313807516
array:41 talk.politics.guns talk.politics.guns 0.3737797872683181 talk.politics.misc 0.3253076036111181 talk.politics.mideast 0.3009126091205637
array:42 talk.politics.guns talk.politics.guns 0.389311987582525 talk.politics.mideast 0.3058726530620564 talk.politics.misc 0.3048153593554186
array:43 talk.politics.guns talk.politics.guns 0.4009245598031177 talk.politics.misc 0.3055980057072586 talk.politics.mideast 0.29347743448962377
array:44 talk.politics.guns talk.politics.guns 0.36842483535659154 talk.politics.misc 0.32948444459975523 talk.politics.mideast 0.3020907200436534
array:45 talk.politics.guns talk.politics.guns 0.3944413057006395 talk.politics.misc 0.30406594131890896 talk.politics.mideast 0.3014927529804516
array:46 talk.politics.guns talk.politics.misc 0.3422674476271829 talk.politics.guns 0.34159228954862153 talk.politics.mideast 0.31614026282419566
array:47 talk.politics.guns talk.politics.guns 0.3917721178677754 talk.politics.mideast 0.30617894690064773 talk.politics.misc 0.3020489352315767
array:48 talk.politics.guns talk.politics.guns 0.353173862281332 talk.politics.mideast 0.34419754305980055 talk.politics.misc 0.3026285946588675
array:49 talk.politics.guns talk.politics.misc 0.3708126325962782 talk.politics.guns 0.34224028291687647 talk.politics.mideast 0.28694708448684525
array:50 talk.politics.guns talk.politics.guns 0.41816822842430235 talk.politics.misc 0.29929434656940157 talk.politics.mideast 0.2825374250062959
array:51 talk.politics.guns talk.politics.guns 0.4049678339004838 talk.politics.misc 0.30993215411855063 talk.politics.mideast 0.28510001198096546
array:52 talk.politics.guns talk.politics.guns 0.39130020585559205 talk.politics.misc 0.3247345401838258 talk.politics.mideast 0.2839652539605822
array:53 talk.politics.guns talk.politics.guns 0.46780996126627783 talk.politics.mideast 0.27195462539172277 talk.politics.misc 0.26023541334199946
array:54 talk.politics.guns talk.politics.guns 0.3814583872324793 talk.politics.misc 0.3153095068019458 talk.politics.mideast 0.30323210596557487
array:55 talk.politics.guns talk.politics.guns 0.3718842099855963 talk.politics.misc 0.3386772843164367 talk.politics.mideast 0.28943850569796686
array:56 talk.politics.guns talk.politics.misc 0.3417067382834101 talk.politics.guns 0.33530134075220297 talk.politics.mideast 0.3229919209643869
array:57 talk.politics.guns talk.politics.guns 0.3874709571186178 talk.politics.misc 0.33544030125213703 talk.politics.mideast 0.2770887416292451
array:58 talk.politics.guns talk.politics.misc 0.35961898453457186 talk.politics.guns 0.33404160839988406 talk.politics.mideast 0.3063394070655442
array:59 talk.politics.guns talk.politics.guns 0.3884196148619889 talk.politics.misc 0.31885137182514983 talk.politics.mideast 0.29272901331286116
array:60 talk.politics.guns talk.politics.guns 0.41038025634765424 talk.politics.misc 0.30822911530910746 talk.politics.mideast 0.2813906283432383
array:61 talk.politics.guns talk.politics.guns 0.3868732663447336 talk.politics.mideast 0.315156236046167 talk.politics.misc 0.2979704976090993
array:62 talk.politics.guns talk.politics.guns 0.40423573252299344 talk.politics.misc 0.3260146580848051 talk.politics.mideast 0.2697496093922015
array:63 talk.politics.guns talk.politics.guns 0.4248005537887071 talk.politics.misc 0.3325532012800228 talk.politics.mideast 0.2426462449312701
array:64 talk.politics.guns talk.politics.guns 0.4168757064203513 talk.politics.misc 0.32734064907334615 talk.politics.mideast 0.2557836445063025
array:65 talk.politics.guns talk.politics.guns 0.37232463194256143 talk.politics.misc 0.32295157829408483 talk.politics.mideast 0.30472378976335385
array:66 talk.politics.guns talk.politics.guns 0.36698886308388523 talk.politics.misc 0.32748383802763514 talk.politics.mideast 0.3055272988884797
array:67 talk.politics.guns talk.politics.guns 0.36383565275199947 talk.politics.misc 0.35757046126610365 talk.politics.mideast 0.2785938859818968
array:68 talk.politics.guns talk.politics.guns 0.39338798317923757 talk.politics.misc 0.32437939704340324 talk.politics.mideast 0.28223261977735914
array:69 talk.politics.guns talk.politics.guns 0.41510022880541414 talk.politics.misc 0.32454695488151997 talk.politics.mideast 0.2603528163130659
array:70 talk.politics.guns talk.politics.guns 0.41451672342101575 talk.politics.misc 0.3056368617508454 talk.politics.mideast 0.2798464148281389
array:71 talk.politics.guns talk.politics.guns 0.36882946579743 talk.politics.mideast 0.31797079145955176 talk.politics.misc 0.31319974274301843
array:72 talk.politics.guns talk.politics.guns 0.38415344295352605 talk.politics.mideast 0.31001290776694596 talk.politics.misc 0.3058336492795279
array:73 talk.politics.guns talk.politics.guns 0.38097290579550847 talk.politics.misc 0.3526562980051264 talk.politics.mideast 0.26637079619936516
array:74 talk.politics.guns talk.politics.guns 0.3713365579955834 talk.politics.misc 0.32414212111438445 talk.politics.mideast 0.3045213208900321
array:75 talk.politics.guns talk.politics.guns 0.3665154923682541 talk.politics.mideast 0.32892796762492155 talk.politics.misc 0.3045565400068243
array:76 talk.politics.guns talk.politics.guns 0.3790176056423 talk.politics.misc 0.3233270186158197 talk.politics.mideast 0.2976553757418802
array:77 talk.politics.guns talk.politics.guns 0.3965336118201149 talk.politics.misc 0.32556618430739415 talk.politics.mideast 0.27790020387249087
array:78 talk.politics.guns talk.politics.guns 0.3754538825750907 talk.politics.mideast 0.3227755086319111 talk.politics.misc 0.3017706087929981
array:79 talk.politics.guns talk.politics.guns 0.3732118933298017 talk.politics.misc 0.3329008138317725 talk.politics.mideast 0.29388729283842563
array:80 talk.politics.guns talk.politics.guns 0.43110731420053805 talk.politics.misc 0.29865018660887804 talk.politics.mideast 0.270242499190584
array:81 talk.politics.guns talk.politics.guns 0.41778701779620364 talk.politics.misc 0.3052405354530941 talk.politics.mideast 0.2769724467507023
array:82 talk.politics.guns talk.politics.guns 0.3632864174451947 talk.politics.misc 0.32121411354450063 talk.politics.mideast 0.3154994690103047
array:83 talk.politics.guns talk.politics.guns 0.40937517511735383 talk.politics.misc 0.31946030827288 talk.politics.mideast 0.2711645166097661
array:84 talk.politics.guns talk.politics.guns 0.36663780850483135 talk.politics.mideast 0.3197228743136271 talk.politics.misc 0.31363931718154164
array:85 talk.politics.guns talk.politics.guns 0.4317981354355969 talk.politics.misc 0.2948836242044399 talk.politics.mideast 0.2733182403599632
array:86 talk.politics.guns talk.politics.guns 0.423536926486042 talk.politics.misc 0.3029694909008095 talk.politics.mideast 0.27349358261314854
array:87 talk.politics.guns talk.politics.guns 0.4205791091719396 talk.politics.misc 0.32799303909308924 talk.politics.mideast 0.2514278517349712
array:88 talk.politics.guns talk.politics.guns 0.4047574048797964 talk.politics.misc 0.32916641253984874 talk.politics.mideast 0.26607618258035487
array:89 talk.politics.guns talk.politics.guns 0.3506971848226754 talk.politics.misc 0.3257837353818653 talk.politics.mideast 0.3235190797954593
array:90 talk.politics.guns talk.politics.guns 0.3750616635160899 talk.politics.misc 0.3275397601935012 talk.politics.mideast 0.297398576290409
array:91 talk.politics.guns talk.politics.guns 0.5025862795843614 talk.politics.misc 0.25600139722415965 talk.politics.mideast 0.24141232319147898
array:92 talk.politics.guns talk.politics.guns 0.3989425846631665 talk.politics.misc 0.31705260550054604 talk.politics.mideast 0.2840048098362875
array:93 talk.politics.guns talk.politics.guns 0.43397672628814815 talk.politics.misc 0.3005869902847434 talk.politics.mideast 0.2654362834271084
array:94 talk.politics.guns talk.politics.guns 0.410238066211441 talk.politics.misc 0.31380472293999695 talk.politics.mideast 0.2759572108485622
array:95 talk.politics.guns talk.politics.guns 0.36889344845104827 talk.politics.misc 0.3177770911692053 talk.politics.mideast 0.3133294603797464
array:96 talk.politics.guns talk.politics.guns 0.3855219095408973 talk.politics.misc 0.3128115759947795 talk.politics.mideast 0.30166651446432313
array:97 talk.politics.guns talk.politics.guns 0.3770832257516495 talk.politics.misc 0.3128529606130632 talk.politics.mideast 0.3100638136352874
array:98 talk.politics.guns talk.politics.guns 0.4723544395513282 talk.politics.misc 0.2699207471810084 talk.politics.mideast 0.25772481326766333
array:99 talk.politics.guns talk.politics.guns 0.38029056751309376 talk.politics.mideast 0.3142739300073164 talk.politics.misc 0.30543550247958967
array:100 talk.politics.guns talk.politics.guns 0.3805118002133588 talk.politics.misc 0.3198045519635539 talk.politics.mideast 0.2996836478230872
array:101 talk.politics.guns talk.politics.guns 0.40524405710981054 talk.politics.misc 0.3091437639480592 talk.politics.mideast 0.28561217894213026
array:102 talk.politics.guns talk.politics.guns 0.40950557212205724 talk.politics.misc 0.31448648117670247 talk.politics.mideast 0.2760079467012403
array:103 talk.politics.guns talk.politics.guns 0.393808749788445 talk.politics.misc 0.3121191953272319 talk.politics.mideast 0.29407205488432314
array:104 talk.politics.guns talk.politics.guns 0.3812088615693228 talk.politics.misc 0.3181226417177006 talk.politics.mideast 0.3006684967129765
array:105 talk.politics.guns talk.politics.guns 0.44595325309841366 talk.politics.misc 0.29891994090112045 talk.politics.mideast 0.25512680600046583
array:106 talk.politics.guns talk.politics.guns 0.4067251381337331 talk.politics.misc 0.32313709037888444 talk.politics.mideast 0.27013777148738244
array:107 talk.politics.guns talk.politics.guns 0.390474125391169 talk.politics.misc 0.3210265835948099 talk.politics.mideast 0.2884992910140213
array:108 talk.politics.guns talk.politics.guns 0.44291578251337016 talk.politics.misc 0.3044652625136925 talk.politics.mideast 0.2526189549729374
array:109 talk.politics.guns talk.politics.guns 0.4329959540370498 talk.politics.misc 0.2865516712295658 talk.politics.mideast 0.2804523747333844
array:110 talk.politics.guns talk.politics.guns 0.4709282326526449 talk.politics.misc 0.28670291255466324 talk.politics.mideast 0.24236885479269185
array:111 talk.politics.guns talk.politics.guns 0.38420223467712605 talk.politics.misc 0.3097746426332399 talk.politics.mideast 0.306023122689634
array:112 talk.politics.guns talk.politics.guns 0.4058108378752542 talk.politics.misc 0.29896631025802617 talk.politics.mideast 0.29522285186671976
array:113 talk.politics.guns talk.politics.guns 0.4043245533012927 talk.politics.misc 0.32376233777527746 talk.politics.mideast 0.27191310892342985
array:114 talk.politics.guns talk.politics.guns 0.3839036258411602 talk.politics.misc 0.31940438832653184 talk.politics.mideast 0.296691985832308
array:115 talk.politics.guns talk.politics.guns 0.4002518647932891 talk.politics.misc 0.34914812314831517 talk.politics.mideast 0.2506000120583957
array:116 talk.politics.guns talk.politics.guns 0.37356461882779857 talk.politics.misc 0.35764003722489457 talk.politics.mideast 0.2687953439473069
array:117 talk.politics.guns talk.politics.guns 0.3834408598754745 talk.politics.mideast 0.31525511772689546 talk.politics.misc 0.30130402239763004
array:118 talk.politics.guns talk.politics.guns 0.4036120814267677 talk.politics.misc 0.3187302252528146 talk.politics.mideast 0.2776576933204179
array:119 talk.politics.guns talk.politics.guns 0.36652840431225575 talk.politics.mideast 0.3216021476220607 talk.politics.misc 0.31186944806568356
array:120 talk.politics.guns talk.politics.guns 0.40085122828624364 talk.politics.misc 0.3076316372463698 talk.politics.mideast 0.2915171344673866
array:121 talk.politics.guns talk.politics.guns 0.39225712840657523 talk.politics.misc 0.31241342799676425 talk.politics.mideast 0.29532944359666036
array:122 talk.politics.guns talk.politics.guns 0.41784599820538 talk.politics.misc 0.3198336853621716 talk.politics.mideast 0.2623203164324484
array:123 talk.politics.guns talk.politics.guns 0.3777281325408594 talk.politics.misc 0.34715593552287 talk.politics.mideast 0.27511593193627065
array:124 talk.politics.guns talk.politics.guns 0.404512777238335 talk.politics.misc 0.30116752690596665 talk.politics.mideast 0.29431969585569834
array:125 talk.politics.guns talk.politics.guns 0.37505915478346846 talk.politics.misc 0.325273146375396 talk.politics.mideast 0.29966769884113553
array:126 talk.politics.guns talk.politics.misc 0.33750120487231877 talk.politics.guns 0.3329951446024831 talk.politics.mideast 0.3295036505251981
array:127 talk.politics.guns talk.politics.guns 0.3799207183562793 talk.politics.misc 0.32790435351144936 talk.politics.mideast 0.2921749281322714
array:128 talk.politics.guns talk.politics.guns 0.38049173461985586 talk.politics.misc 0.31209772708919037 talk.politics.mideast 0.30741053829095394
array:129 talk.politics.guns talk.politics.guns 0.389992357500345 talk.politics.misc 0.3116617475610342 talk.politics.mideast 0.2983458949386207
array:130 talk.politics.guns talk.politics.guns 0.3757905273980685 talk.politics.misc 0.328109172006831 talk.politics.mideast 0.2961003005951005
array:131 talk.politics.guns talk.politics.guns 0.38822774576987806 talk.politics.misc 0.3128739666384623 talk.politics.mideast 0.2988982875916596
array:132 talk.politics.guns talk.politics.guns 0.3654768511634645 talk.politics.misc 0.32624099279743907 talk.politics.mideast 0.3082821560390965
array:133 talk.politics.guns talk.politics.guns 0.3893291710188443 talk.politics.misc 0.3080279449769427 talk.politics.mideast 0.3026428840042132
array:134 talk.politics.guns talk.politics.guns 0.36219959333803103 talk.politics.misc 0.32540660392051346 talk.politics.mideast 0.3123938027414555
array:135 talk.politics.guns talk.politics.guns 0.4446097012419963 talk.politics.misc 0.28250839561160473 talk.politics.mideast 0.27288190314639893
array:136 talk.politics.guns talk.politics.misc 0.34365335050873025 talk.politics.guns 0.34214684176677373 talk.politics.mideast 0.3141998077244959
array:137 talk.politics.guns talk.politics.guns 0.37541416931655125 talk.politics.misc 0.3197404695625012 talk.politics.mideast 0.30484536112094757
array:138 talk.politics.guns talk.politics.guns 0.3681353073349356 talk.politics.misc 0.32773690897110025 talk.politics.mideast 0.30412778369396415
array:139 talk.politics.guns talk.politics.guns 0.39975569618019663 talk.politics.misc 0.3310552635873361 talk.politics.mideast 0.26918904023246715
array:140 talk.politics.guns talk.politics.guns 0.38272472429890153 talk.politics.misc 0.32740765975336367 talk.politics.mideast 0.2898676159477349
array:141 talk.politics.guns talk.politics.guns 0.4008242699015735 talk.politics.misc 0.32706600292191523 talk.politics.mideast 0.2721097271765113
array:142 talk.politics.guns talk.politics.guns 0.36574087260064 talk.politics.misc 0.3175843467398078 talk.politics.mideast 0.31667478065955235
array:143 talk.politics.guns talk.politics.guns 0.37147328101798555 talk.politics.misc 0.32260036387477037 talk.politics.mideast 0.3059263551072441
array:144 talk.politics.guns talk.politics.guns 0.3980984167770198 talk.politics.misc 0.31425434462678026 talk.politics.mideast 0.2876472385961999
array:145 talk.politics.guns talk.politics.guns 0.38941537301359663 talk.politics.misc 0.3055465422103868 talk.politics.mideast 0.30503808477601646
array:146 talk.politics.guns talk.politics.guns 0.40298662097973004 talk.politics.misc 0.31684462551102704 talk.politics.mideast 0.28016875350924286
array:147 talk.politics.guns talk.politics.guns 0.39106409671969133 talk.politics.misc 0.3243641006764154 talk.politics.mideast 0.2845718026038932
array:148 talk.politics.guns talk.politics.guns 0.41945693355055835 talk.politics.misc 0.30203607571130087 talk.politics.mideast 0.2785069907381409
array:149 talk.politics.guns talk.politics.guns 0.43613345969297823 talk.politics.misc 0.31142340795814943 talk.politics.mideast 0.25244313234887233
array:150 talk.politics.guns talk.politics.guns 0.37385966365656526 talk.politics.mideast 0.31608376620058404 talk.politics.misc 0.3100565701428509
array:151 talk.politics.guns talk.politics.guns 0.39425822673199823 talk.politics.misc 0.31085159738026924 talk.politics.mideast 0.2948901758877326
array:152 talk.politics.guns talk.politics.guns 0.3763255545040303 talk.politics.misc 0.3204854875086675 talk.politics.mideast 0.3031889579873022
array:153 talk.politics.guns talk.politics.guns 0.4199960417166441 talk.politics.misc 0.3266989039991943 talk.politics.mideast 0.25330505428416156
array:154 talk.politics.guns talk.politics.guns 0.3926947819608861 talk.politics.misc 0.31211903021401644 talk.politics.mideast 0.2951861878250976
array:155 talk.politics.guns talk.politics.guns 0.41946854285645435 talk.politics.misc 0.32638421013483 talk.politics.mideast 0.25414724700871566
array:156 talk.politics.guns talk.politics.guns 0.38163020546357584 talk.politics.misc 0.3210235235484364 talk.politics.mideast 0.2973462709879879
array:157 talk.politics.guns talk.politics.guns 0.3959544869282861 talk.politics.misc 0.3153327598441941 talk.politics.mideast 0.28871275322751955
array:158 talk.politics.guns talk.politics.guns 0.40236019036980986 talk.politics.mideast 0.3021271578540005 talk.politics.misc 0.2955126517761896
array:159 talk.politics.guns talk.politics.guns 0.3734870326329985 talk.politics.misc 0.32033997201848846 talk.politics.mideast 0.306172995348513
array:160 talk.politics.guns talk.politics.guns 0.3938777048178323 talk.politics.misc 0.30835782715011323 talk.politics.mideast 0.2977644680320544
array:161 talk.politics.guns talk.politics.misc 0.35808568044419614 talk.politics.guns 0.35058604285479145 talk.politics.mideast 0.29132827670101247
array:162 talk.politics.guns talk.politics.guns 0.3685718186947826 talk.politics.mideast 0.3162927258886066 talk.politics.misc 0.3151354554166109
array:163 talk.politics.guns talk.politics.guns 0.3641329020303391 talk.politics.misc 0.32091537741666526 talk.politics.mideast 0.3149517205529957
array:164 talk.politics.guns talk.politics.guns 0.3721395878784196 talk.politics.misc 0.325517673631817 talk.politics.mideast 0.30234273848976323
array:165 talk.politics.guns talk.politics.guns 0.4241916057524497 talk.politics.misc 0.29811305451825165 talk.politics.mideast 0.27769533972929855
array:166 talk.politics.guns talk.politics.guns 0.3808251016453521 talk.politics.mideast 0.32018513093981243 talk.politics.misc 0.2989897674148355
array:167 talk.politics.guns talk.politics.guns 0.3894306666656033 talk.politics.misc 0.30850693126210527 talk.politics.mideast 0.30206240207229157
array:168 talk.politics.guns talk.politics.guns 0.4392488450882699 talk.politics.misc 0.28941428628091465 talk.politics.mideast 0.2713368686308154
array:169 talk.politics.guns talk.politics.guns 0.4211977264016627 talk.politics.misc 0.30015737578592067 talk.politics.mideast 0.2786448978124167
array:170 talk.politics.guns talk.politics.guns 0.4251503911665864 talk.politics.misc 0.30286596985614633 talk.politics.mideast 0.2719836389772672
array:171 talk.politics.guns talk.politics.guns 0.4046614462176111 talk.politics.misc 0.3015607989193379 talk.politics.mideast 0.29377775486305097
array:172 talk.politics.guns talk.politics.guns 0.4070380814749034 talk.politics.misc 0.32780665039689744 talk.politics.mideast 0.2651552681281993
array:173 talk.politics.guns talk.politics.guns 0.36905234896537714 talk.politics.misc 0.35564970921061184 talk.politics.mideast 0.27529794182401096
array:174 talk.politics.guns talk.politics.misc 0.3592545780758043 talk.politics.guns 0.3510538491425343 talk.politics.mideast 0.28969157278166147
array:175 talk.politics.guns talk.politics.guns 0.3981950057543708 talk.politics.misc 0.3086479275634575 talk.politics.mideast 0.2931570666821716
array:176 talk.politics.guns talk.politics.guns 0.38376681617048347 talk.politics.misc 0.32290162917393006 talk.politics.mideast 0.2933315546555864
array:177 talk.politics.guns talk.politics.guns 0.3928112105088306 talk.politics.misc 0.3186089291834373 talk.politics.mideast 0.2885798603077321
array:178 talk.politics.guns talk.politics.guns 0.43861240975149735 talk.politics.misc 0.29553165201116155 talk.politics.mideast 0.26585593823734116
array:179 talk.politics.guns talk.politics.guns 0.40483025695707503 talk.politics.misc 0.3072424787486747 talk.politics.mideast 0.28792726429425025
array:180 talk.politics.guns talk.politics.guns 0.39859956322539386 talk.politics.misc 0.3050284322817208 talk.politics.mideast 0.29637200449288537
array:181 talk.politics.guns talk.politics.guns 0.37980359710566725 talk.politics.misc 0.31974557500569933 talk.politics.mideast 0.30045082788863336
array:182 talk.politics.guns talk.politics.guns 0.3877756045246887 talk.politics.misc 0.31658802154639004 talk.politics.mideast 0.2956363739289213
array:183 talk.politics.guns talk.politics.guns 0.3585751709482894 talk.politics.misc 0.3282850210601885 talk.politics.mideast 0.3131398079915222
array:184 talk.politics.guns talk.politics.guns 0.39305448469519527 talk.politics.misc 0.3695956081450208 talk.politics.mideast 0.23734990715978388
array:185 talk.politics.guns talk.politics.guns 0.40656148401083964 talk.politics.misc 0.3147061823706015 talk.politics.mideast 0.278732333618559
array:186 talk.politics.guns talk.politics.guns 0.42272559226425105 talk.politics.misc 0.30557135085290704 talk.politics.mideast 0.2717030568828419
array:187 talk.politics.guns talk.politics.guns 0.39171368612586893 talk.politics.misc 0.3127182573854146 talk.politics.mideast 0.29556805648871637
array:188 talk.politics.guns talk.politics.guns 0.4188197237803144 talk.politics.misc 0.30098026184818477 talk.politics.mideast 0.28020001437150077
array:189 talk.politics.guns talk.politics.guns 0.40180395969747107 talk.politics.misc 0.33224970159812295 talk.politics.mideast 0.2659463387044061
array:190 talk.politics.guns talk.politics.guns 0.4153512132305692 talk.politics.misc 0.30647722366387253 talk.politics.mideast 0.27817156310555835
array:191 talk.politics.guns talk.politics.guns 0.3729167403734163 talk.politics.misc 0.3168752479582108 talk.politics.mideast 0.31020801166837286
array:192 talk.politics.guns talk.politics.guns 0.3920572212103607 talk.politics.misc 0.3039771949320906 talk.politics.mideast 0.3039655838575487
array:193 talk.politics.guns talk.politics.guns 0.3875380961563387 talk.politics.mideast 0.3140246501927105 talk.politics.misc 0.2984372536509509
array:194 talk.politics.guns talk.politics.guns 0.3782874783416413 talk.politics.misc 0.31466668131033243 talk.politics.mideast 0.30704584034802623
array:195 talk.politics.guns talk.politics.guns 0.35762733807478825 talk.politics.misc 0.32903422696934875 talk.politics.mideast 0.313338434955863
array:196 talk.politics.guns talk.politics.guns 0.4048025666799 talk.politics.misc 0.3070254710223944 talk.politics.mideast 0.28817196229770564
array:197 talk.politics.guns talk.politics.guns 0.4283812885310786 talk.politics.misc 0.29819415930765797 talk.politics.mideast 0.2734245521612635
array:198 talk.politics.guns talk.politics.guns 0.4620281998722097 talk.politics.misc 0.294019711566773 talk.politics.mideast 0.24395208856101727
array:199 talk.politics.guns talk.politics.guns 0.4675293563220072 talk.politics.misc 0.287091593816313 talk.politics.mideast 0.2453790498616797
array:200 talk.politics.guns talk.politics.guns 0.3820229057940625 talk.politics.misc 0.3163842629298705 talk.politics.mideast 0.30159283127606706
array:201 talk.politics.guns talk.politics.guns 0.436011262420686 talk.politics.misc 0.28575740483915424 talk.politics.mideast 0.2782313327401597
array:202 talk.politics.guns talk.politics.guns 0.3843938387777857 talk.politics.misc 0.33833297871480644 talk.politics.mideast 0.277273182507408
array:203 talk.politics.guns talk.politics.guns 0.3553868268867845 talk.politics.misc 0.33538066661956434 talk.politics.mideast 0.30923250649365114
array:204 talk.politics.guns talk.politics.guns 0.39476517948928763 talk.politics.misc 0.33662581220593873 talk.politics.mideast 0.2686090083047736
array:205 talk.politics.guns talk.politics.guns 0.3938291173608427 talk.politics.misc 0.3187765073956929 talk.politics.mideast 0.2873943752434645
array:206 talk.politics.guns talk.politics.guns 0.4291970808015581 talk.politics.misc 0.30528922349045956 talk.politics.mideast 0.2655136957079824
array:207 talk.politics.guns talk.politics.guns 0.4337697853943756 talk.politics.misc 0.29733648519418826 talk.politics.mideast 0.2688937294114362
array:208 talk.politics.guns talk.politics.guns 0.3989525612841175 talk.politics.mideast 0.3015742372759351 talk.politics.misc 0.2994732014399474
array:209 talk.politics.guns talk.politics.guns 0.4000408762311281 talk.politics.misc 0.30565475790278485 talk.politics.mideast 0.294304365866087
array:210 talk.politics.guns talk.politics.guns 0.3969453039181099 talk.politics.misc 0.32472536767850957 talk.politics.mideast 0.2783293284033805
array:211 talk.politics.guns talk.politics.guns 0.36543116253445723 talk.politics.misc 0.32870872334185564 talk.politics.mideast 0.30586011412368713
array:212 talk.politics.guns talk.politics.guns 0.3740972249448449 talk.politics.misc 0.3175557140358809 talk.politics.mideast 0.3083470610192743
array:213 talk.politics.guns talk.politics.guns 0.37827183814690124 talk.politics.misc 0.3246057396873887 talk.politics.mideast 0.29712242216571005
array:214 talk.politics.guns talk.politics.guns 0.40190209780755765 talk.politics.misc 0.31311907353147206 talk.politics.mideast 0.2849788286609702
array:215 talk.politics.guns talk.politics.guns 0.3829059554319448 talk.politics.misc 0.31679731650809606 talk.politics.mideast 0.30029672805995916
array:216 talk.politics.guns talk.politics.guns 0.4323644851723005 talk.politics.misc 0.29773630408966895 talk.politics.mideast 0.2698992107380306
array:217 talk.politics.guns talk.politics.guns 0.41027279938189054 talk.politics.misc 0.3062729983253176 talk.politics.mideast 0.2834542022927918
array:218 talk.politics.guns talk.politics.guns 0.3729713187162429 talk.politics.misc 0.3143303405188969 talk.politics.mideast 0.31269834076486025
array:219 talk.politics.guns talk.politics.guns 0.3830307885808703 talk.politics.mideast 0.31345063798622064 talk.politics.misc 0.30351857343290917
array:220 talk.politics.guns talk.politics.guns 0.4157048783498972 talk.politics.misc 0.29485908136581535 talk.politics.mideast 0.28943604028428743
array:221 talk.politics.guns talk.politics.guns 0.4406291304806427 talk.politics.misc 0.3117553625130558 talk.politics.mideast 0.24761550700630158
array:222 talk.politics.guns talk.politics.guns 0.41216420908653517 talk.politics.misc 0.3101208273615897 talk.politics.mideast 0.27771496355187514
array:223 talk.politics.guns talk.politics.guns 0.41267223488266 talk.politics.misc 0.32478247121929255 talk.politics.mideast 0.2625452938980475
array:224 talk.politics.guns talk.politics.guns 0.4361853092324396 talk.politics.misc 0.30309778316554964 talk.politics.mideast 0.26071690760201066
array:225 talk.politics.guns talk.politics.guns 0.4111719356146858 talk.politics.mideast 0.2957343239445233 talk.politics.misc 0.2930937404407909
array:226 talk.politics.guns talk.politics.guns 0.36900649999499563 talk.politics.misc 0.31892563893878156 talk.politics.mideast 0.3120678610662228
array:227 talk.politics.guns talk.politics.guns 0.4089918760188142 talk.politics.misc 0.30254877795257434 talk.politics.mideast 0.2884593460286114
array:228 talk.politics.guns talk.politics.guns 0.4116763439130375 talk.politics.misc 0.3087068883558337 talk.politics.mideast 0.2796167677311288
array:229 talk.politics.guns talk.politics.guns 0.3984176756364101 talk.politics.misc 0.3036887715637102 talk.politics.mideast 0.2978935527998796
array:230 talk.politics.guns talk.politics.guns 0.3923182190017937 talk.politics.mideast 0.30424376583144547 talk.politics.misc 0.3034380151667608
array:231 talk.politics.guns talk.politics.guns 0.3953107010518212 talk.politics.misc 0.306583807919469 talk.politics.mideast 0.29810549102870987
array:232 talk.politics.guns talk.politics.guns 0.3782739647820522 talk.politics.misc 0.32663488576564337 talk.politics.mideast 0.29509114945230436
array:233 talk.politics.guns talk.politics.guns 0.4897460626551143 talk.politics.misc 0.27974695868813254 talk.politics.mideast 0.23050697865675315
array:234 talk.politics.guns talk.politics.guns 0.39175463915361053 talk.politics.misc 0.3143284662997053 talk.politics.mideast 0.29391689454668424
array:235 talk.politics.guns talk.politics.guns 0.34664866339612743 talk.politics.misc 0.33318151865190454 talk.politics.mideast 0.3201698179519679
array:236 talk.politics.guns talk.politics.guns 0.38058734051025994 talk.politics.misc 0.3211139478060626 talk.politics.mideast 0.2982987116836774
array:237 talk.politics.guns talk.politics.mideast 0.33815020954660885 talk.politics.guns 0.3378731121681451 talk.politics.misc 0.3239766782852462
array:238 talk.politics.guns talk.politics.guns 0.402891495279014 talk.politics.misc 0.3089550361601229 talk.politics.mideast 0.2881534685608631
array:239 talk.politics.guns talk.politics.guns 0.3683978098290768 talk.politics.mideast 0.31820878393724383 talk.politics.misc 0.3133934062336793
array:240 talk.politics.guns talk.politics.guns 0.46917645393488905 talk.politics.misc 0.29048020747332554 talk.politics.mideast 0.24034333859178544
array:241 talk.politics.guns talk.politics.misc 0.3673839106046458 talk.politics.guns 0.3572996390605289 talk.politics.mideast 0.2753164503348252
array:242 talk.politics.guns talk.politics.guns 0.37043843649130936 talk.politics.misc 0.32929819505931274 talk.politics.mideast 0.30026336844937784
array:243 talk.politics.guns talk.politics.guns 0.36842628255005816 talk.politics.misc 0.3328385856093453 talk.politics.mideast 0.2987351318405965
array:244 talk.politics.guns talk.politics.guns 0.3886009712409024 talk.politics.mideast 0.31102528816023 talk.politics.misc 0.30037374059886757
array:245 talk.politics.guns talk.politics.guns 0.3917612936271581 talk.politics.misc 0.30861236884029686 talk.politics.mideast 0.2996263375325449
array:246 talk.politics.guns talk.politics.guns 0.41717470205771984 talk.politics.misc 0.2987379329800406 talk.politics.mideast 0.2840873649622395
array:247 talk.politics.guns talk.politics.guns 0.37695034678432293 talk.politics.misc 0.31645992395265 talk.politics.mideast 0.3065897292630272
array:248 talk.politics.guns talk.politics.guns 0.40638830478074556 talk.politics.misc 0.3002977433917574 talk.politics.mideast 0.293313951827497
array:249 talk.politics.guns talk.politics.guns 0.3782692184674854 talk.politics.misc 0.3252694716158646 talk.politics.mideast 0.2964613099166501
array:250 talk.politics.guns talk.politics.guns 0.3493548253402648 talk.politics.mideast 0.33182193090269063 talk.politics.misc 0.3188232437570446
array:251 talk.politics.guns talk.politics.guns 0.39013112011854484 talk.politics.misc 0.3180093602677883 talk.politics.mideast 0.2918595196136668
array:252 talk.politics.guns talk.politics.guns 0.38334705367032834 talk.politics.misc 0.31837709511485673 talk.politics.mideast 0.2982758512148149
array:253 talk.politics.guns talk.politics.guns 0.3879248644552887 talk.politics.mideast 0.3258760978632492 talk.politics.misc 0.2861990376814622
array:254 talk.politics.guns talk.politics.guns 0.4515812923302163 talk.politics.misc 0.3286676856157547 talk.politics.mideast 0.219751022054029
array:255 talk.politics.guns talk.politics.guns 0.38437688196333014 talk.politics.misc 0.3094648741071529 talk.politics.mideast 0.30615824392951696
array:256 talk.politics.guns talk.politics.guns 0.36978628462727253 talk.politics.misc 0.31925718752234344 talk.politics.mideast 0.31095652785038397
array:257 talk.politics.guns talk.politics.guns 0.3879653860447446 talk.politics.misc 0.3071456948389171 talk.politics.mideast 0.3048889191163382
array:258 talk.politics.guns talk.politics.guns 0.40463138965431544 talk.politics.misc 0.3213657439715003 talk.politics.mideast 0.27400286637418425
array:259 talk.politics.guns talk.politics.guns 0.3912633010173589 talk.politics.misc 0.31914490307738047 talk.politics.mideast 0.2895917959052607
array:260 talk.politics.guns talk.politics.guns 0.36754810987937264 talk.politics.misc 0.3338913009200471 talk.politics.mideast 0.2985605892005802
array:261 talk.politics.guns talk.politics.guns 0.3754569285437578 talk.politics.misc 0.3222975969757695 talk.politics.mideast 0.3022454744804727
array:262 talk.politics.guns talk.politics.guns 0.39100346444658557 talk.politics.misc 0.32800312479395183 talk.politics.mideast 0.2809934107594626
array:263 talk.politics.guns talk.politics.guns 0.3746250447340153 talk.politics.misc 0.3277442119516812 talk.politics.mideast 0.2976307433143035
array:264 talk.politics.guns talk.politics.guns 0.40937816324365095 talk.politics.misc 0.3028065266416232 talk.politics.mideast 0.28781531011472583
array:265 talk.politics.guns talk.politics.guns 0.42813264886297564 talk.politics.misc 0.29759497559016956 talk.politics.mideast 0.2742723755468548
array:266 talk.politics.guns talk.politics.guns 0.3704834368794123 talk.politics.misc 0.32941839216421576 talk.politics.mideast 0.30009817095637187
array:267 talk.politics.guns talk.politics.guns 0.3546902055643743 talk.politics.misc 0.34995727567171714 talk.politics.mideast 0.29535251876390844
array:268 talk.politics.guns talk.politics.guns 0.34073734323477267 talk.politics.misc 0.3300817982824425 talk.politics.mideast 0.3291808584827848
array:269 talk.politics.guns talk.politics.guns 0.451640503635655 talk.politics.misc 0.31092446945465824 talk.politics.mideast 0.23743502690968685
array:270 talk.politics.guns talk.politics.guns 0.36587558725515784 talk.politics.misc 0.33902692559864434 talk.politics.mideast 0.29509748714619777
array:271 talk.politics.guns talk.politics.guns 0.37111271462486806 talk.politics.misc 0.3366975212505832 talk.politics.mideast 0.2921897641245488
